# Supplementary Table S1 from Fischer et al. 2011. Pressure-volume-temperature data from synchrotron X-ray diffraction experiments.
# Original xls used: 1-s2.0-S0012821X11000963-mmc1.xls
# Footnotes: * B8-FeO observed but no volume/c/a reported because only one non-overlapping peak detected; † rhombohedrally-distorted FeO present; ‡ B8 volume/c/a uncertainty unconstrained due to only two non-overlapping peaks.
P[Pa]	dP[Pa]	T[K]	dT[K]	V_NaCl[m^3/mol]	dV_NaCl[m^3/mol]	V_Fe[m^3/mol]	dV_Fe[m^3/mol]	c/a_Fe	dc/a_Fe	V_B1-FeO[m^3/mol]	dV_B1-FeO[m^3/mol]	V_B8-FeO[m^3/mol]	dV_B8-FeO[m^3/mol]	c/a_B8-FeO	dc/a_B8-FeO
95215331893.3	1036988109.88	1442.66	106.060905144	1.28144087239e-05	1.72261847668e-08	5.18270232406e-06	3.09289912018e-08	1.60129046464	0.00637071751318	8.87401754854e-06	1.64515462935e-08	nan	nan	nan	nan
95579653914.6	452404088.034	1384.46	105.474791301	1.28162851295e-05	1.44053971705e-08	5.17432203539e-06	1.10838317448e-08	1.60374021631	0.0022902306941	8.82358947487e-06	2.37083927316e-08	nan	nan	nan	nan
96394779605.8	663489866.348	2133.3	114.956035074	1.28623238896e-05	2.77514197564e-08	5.23391147765e-06	1.65648227839e-08	1.60659947243	0.00338982112571	8.89027342549e-06	9.85610974884e-09	nan	nan	nan	nan
96668698042.2	791779361.11	1546.45	107.173235931	1.28288693187e-05	1.29954371708e-08	5.17773869783e-06	2.27009737674e-08	1.60161107863	0.00468133976411	8.91587738825e-06	3.83128826945e-08	nan	nan	nan	nan
97184316846.5	812188853.149	1674.49	108.660480857	1.283293377e-05	2.06276004907e-08	5.18394017292e-06	2.31363630172e-08	1.60117422728	0.00476411724677	8.97420581895e-06	4.87989837788e-08	nan	nan	nan	nan
97438491976.2	1018547232.8	1717.17	109.183647585	1.28292407673e-05	2.10103545786e-08	5.18526731903e-06	2.99143504252e-08	1.60069327096	0.00615637812349	8.87704656938e-06	4.92694123081e-08	nan	nan	nan	nan
97542295359.5	1076075155.31	1916.02	111.794456034	1.27838012522e-05	3.80087537082e-08	5.20215734712e-06	3.14921800036e-08	1.60414779025	0.0064739949976	8.85216260952e-06	2.79958864675e-08	nan	nan	nan	nan
98009182543.8	1221571361.44	1856.85	110.988389032	1.28310319748e-05	2.35014283971e-08	5.19226564806e-06	3.63189432219e-08	1.60311444747	0.00747566047174	8.88039569298e-06	1.68127636299e-08	nan	nan	nan	nan
98558782861	1384739808.81	2037.27	113.520539551	1.28254600078e-05	1.62293033932e-08	5.20349671435e-06	4.1349941277e-08	1.60259911894	0.00849010874757	8.9346307297e-06	4.20940955093e-08	nan	nan	nan	nan
101413094113	125363835.903	300	0	1.23180544228e-05	1.36163422172e-08	5.04476404209e-06	3.872274546e-09	1.60369838998	0.000820647626353	†	†	*	*	*	*
105932343040	286621021.732	1143.9	103.349939526	1.23847981642e-05	2.75000171694e-08	5.06245159307e-06	4.31617671303e-09	1.60619093366	0.000912944223049	8.54746591316e-06	1.01802129653e-08	*	*	*	*
106289208904	296848066.939	1221.5	103.981969591	1.23635579741e-05	2.95642171791e-08	5.06514340313e-06	4.32115089306e-09	1.60609967107	0.00091345870862	8.55802445092e-06	1.03391510495e-08	*	*	*	*
106827304736	297005875.812	1331.11	104.961764943	1.23310359014e-05	2.02740786049e-08	5.06877279034e-06	3.21563974103e-09	1.60666413853	0.000679513992579	8.55680428277e-06	9.08142785089e-09	*	*	*	*
107423134334	316328004.404	1414.53	105.774197704	1.23325431525e-05	2.4274418811e-08	5.07002628355e-06	3.84434269649e-09	1.60695361381	0.000812314051694	8.55988875029e-06	9.41938231735e-09	*	*	*	*
107651347577	408602271.736	1417.44	105.803561377	1.23560653513e-05	3.49797301727e-08	5.06829381706e-06	8.84878105374e-09	1.60345521895	0.00186632486514	8.57963213517e-06	1.77056928506e-08	*	*	*	*
107837012499	326990418.784	1495.04	106.611639139	1.23726560929e-05	2.53967069193e-08	5.07268846484e-06	3.79474936803e-09	1.6064639092	0.000801169891986	8.56857548496e-06	8.71042884314e-09	*	*	*	*
108291151980	806856286.903	1897.59	111.540791193	1.23797099319e-05	2.96902272417e-08	5.10119104867e-06	2.22341248494e-08	1.60895232213	0.00467520185851	8.57348080683e-06	7.79789280353e-09	*	*	*	*
108540740540	376294503.65	1623.08	108.048352139	1.23032797067e-05	5.21219163654e-08	5.07667462458e-06	5.97192169447e-09	1.60542148446	0.00125901987696	8.57442174107e-06	1.49530253847e-08	*	*	*	*
109297761483	354482708.232	1727.84	109.316538547	1.22400111003e-05	5.96687339426e-08	5.07849976653e-06	3.13679081431e-09	1.60858074014	0.000662371634894	8.57185927551e-06	7.94520480063e-09	*	*	*	*
109780100005	907818835.362	2088.68	114.281680072	1.23620463248e-05	5.89386215396e-08	5.10422496701e-06	2.52130190301e-08	1.60931449323	0.00529961972097	8.57706735139e-06	1.46652489384e-08	*	*	*	*
126969514124	488146486.791	300	0	1.16265789697e-05	1.7001537506e-08	4.84942174961e-06	1.51809645633e-08	1.59701962082	0.00333294696734	nan	nan	*	*	*	*
128598753192	646341661.294	1332.08	104.970883582	1.16739950153e-05	1.32410357718e-08	4.89718259485e-06	1.78328670393e-08	1.61267608749	0.00391499094136	8.24682063527e-06	6.39538041075e-09	*	*	*	*
131343680431	351245864.85	1541.6	107.119372664	1.17204211595e-05	4.12902488884e-08	4.89108386643e-06	3.91110393759e-09	1.60521078259	0.000855726649267	8.25230385106e-06	2.01752316451e-08	8.08317222979e-06	3.14060044588e-08	2.02617543186	0.00524827570482
131655341178	1071939739.95	1622.11	108.036994127	1.1719478676e-05	3.15590510455e-09	4.89421598059e-06	3.15119193335e-08	1.59670856257	0.00685371625369	8.28592060347e-06	2.57379774866e-09	nan	nan	nan	nan
132980336383	809370684.676	1515.41	106.831681162	1.16856297951e-05	1.24913875199e-08	4.87761861831e-06	2.30027024735e-08	1.60027609426	0.00503123590321	8.20115427001e-06	2.35104358537e-08	7.98188837278e-06	‡	2.05591137872	‡
133104236861	1094267893.97	1689.04	108.83731713	1.17256528593e-05	2.8529189875e-09	4.88827202735e-06	3.21341029551e-08	1.59674804907	0.00699771015405	8.29136774459e-06	2.602360866e-09	nan	nan	nan	nan
133796772316	443613674.457	1928.63	111.969356969	1.16967542451e-05	4.42868369252e-08	4.8997388001e-06	6.50302585896e-09	1.60502653797	0.00142014768631	8.18576894735e-06	2.49789620753e-08	8.01895977286e-06	‡	2.05298604971	‡
133921242496	712387817.787	1387.37	105.503444967	1.16770370552e-05	1.00480906648e-08	4.86269967684e-06	1.99765672879e-08	1.59965216371	0.00438104498999	8.236546544e-06	1.93612307237e-08	*	*	*	*
135537854727	724967291.588	1690.98	108.861014142	1.16833310093e-05	1.29840960349e-08	4.87104152696e-06	1.96437650791e-08	1.60058556403	0.00430319014045	8.23358660609e-06	2.31414592477e-08	*	*	*	*
135955585542	817148961.404	2231.27	116.480354138	1.16729304278e-05	4.90906327019e-08	4.90562943637e-06	2.12365417537e-08	1.60176100633	0.00462269792038	8.16178368435e-06	1.62138459457e-08	*	*	*	*
136648564028	822250256.576	1829.69	110.626561458	1.16828531168e-05	1.65241019188e-08	4.87247893476e-06	2.26879077098e-08	1.60115366291	0.00497034152016	8.22743980424e-06	2.63806938574e-08	*	*	*	*
138203016893	815249130.378	2431.09	119.766974162	1.17465510749e-05	2.05475455325e-08	4.90393107235e-06	2.03342228157e-08	1.60352167534	0.0044326842493	8.13704465626e-06	1.09449838063e-08	*	*	*	*
138378936409	548565278.118	2013.02	113.167488264	1.16818630051e-05	1.88453057617e-08	4.87275510749e-06	1.13652650091e-08	1.59962300177	0.00248731828691	8.2437588917e-06	9.69126976227e-09	8.03329008448e-06	1.52592210479e-08	2.00336571033	0.00253692653878
139118706791	709351004.37	2705.6	124.640924258	1.1768326154e-05	2.28618650061e-08	4.91799872383e-06	1.42834103058e-08	1.60003717314	0.0030980064225	8.14961817913e-06	3.77691646558e-08	8.00177665906e-06	2.38628417758e-08	2.0575257706	0.00409062587018
142143597012	710658679.91	2909.3	128.500933849	1.17898170412e-05	1.25819611134e-08	4.91162889984e-06	1.25203891857e-08	1.60558014123	0.00272855687959	8.16070793991e-06	1.77948404739e-08	*	*	*	*
142458779992	721863215.562	2895.72	128.237585754	1.18091977123e-05	4.27127032219e-08	4.90826577841e-06	1.32377069646e-08	1.60043269684	0.00287760280499	8.14876464602e-06	1.62588295765e-08	8.02192615696e-06	2.40277246246e-08	2.05262934023	0.00409876726848
143203174226	154672291.464	300	0	1.12460860245e-05	4.53373744301e-08	4.74213247652e-06	4.86939258889e-09	1.60027426186	0.00109547953647	nan	nan	7.72951871065e-06	‡	2.02432680097	‡
143455593862	908825347.877	3024.73	130.772447022	1.17633062494e-05	9.51640325197e-09	4.9111207441e-06	2.08350391949e-08	1.60169251469	0.00453003541153	8.13665562179e-06	8.21152400015e-09	nan	nan	nan	nan
145777263580	643140666.67	1223.44	103.998430757	1.1243982692e-05	3.59568390626e-08	4.77301291916e-06	1.79819965301e-08	1.6028238471	0.00402568543113	nan	nan	7.78151200273e-06	5.16753239767e-08	2.00523380759	0.00887754690177
147654611308	435969392.52	1358.27	105.220021384	1.12781572117e-05	4.48258756555e-08	4.76873848928e-06	9.54194867136e-09	1.59995418496	0.00213427244176	nan	nan	7.76947427388e-06	4.23865501878e-08	2.00548819941	0.00729399212173
149416499480	464352740.451	1504.74	106.716013794	1.12688154343e-05	4.62919825762e-08	4.7660543113e-06	1.00702058949e-08	1.59986514289	0.00225357222008	nan	nan	7.78465238833e-06	6.10951507064e-08	1.99997496758	0.0104640743485
150931710626	326693114.812	1387.37	105.503444967	1.12249812375e-05	3.57644798963e-08	4.74959493815e-06	2.21654425131e-09	1.60128662258	0.000498193032486	nan	nan	7.76972991893e-06	3.70856306163e-08	2.0137122755	0.00640775508681
151276298094	545547386.206	1664.79	108.543466409	1.12279073675e-05	4.33239476711e-08	4.76373376371e-06	1.28212445611e-08	1.60085823695	0.00287239603521	nan	nan	7.78991555512e-06	7.67615012552e-08	2.00146069864	0.0131482065365
151642718111	439174672.044	1600.77	107.788927539	1.12372635929e-05	2.56873256355e-08	4.75757604125e-06	8.25312523547e-09	1.60299754958	0.00185384874064	nan	nan	7.77491671701e-06	4.5894140441e-08	2.01462649415	0.00792802072134
152892591291	413001346.274	1818.05	110.473084957	1.12657082998e-05	4.65065615763e-08	4.76274088699e-06	4.51021154431e-09	1.60182899939	0.00101126470611	nan	nan	7.78676616841e-06	4.34842529836e-08	2.00943297028	0.00748095677064
154375230355	470014162.859	2016.9	113.223716597	1.12908464003e-05	3.81556589454e-08	4.76561448935e-06	6.53146626061e-09	1.60352605255	0.00146513128351	7.89015830927e-06	1.77051890825e-08	7.81965082165e-06	4.9060779824e-08	2.01399043615	0.00842390055593
154403304942	442290125.098	1983.92	112.748952988	1.12658534623e-05	4.22012305458e-08	4.76337371654e-06	4.73036842987e-09	1.60258320893	0.00106098596903	7.91036472933e-06	9.41418942879e-09	7.81673635199e-06	4.79777193371e-08	2.01094039315	0.00822852653942
154727609514	423422040.38	2005.26	113.055329817	1.12533394787e-05	3.71602192584e-08	4.76264267128e-06	1.76030408483e-09	1.60222292224	0.000394794759898	7.89728298413e-06	1.83881973702e-08	7.79350882686e-06	4.64715075634e-08	2.01323961514	0.00800309437684
155412795765	510764835.009	2047.94	113.677102356	1.12726148707e-05	4.8881611543e-08	4.76095997307e-06	8.77481606969e-09	1.60243251305	0.00196893772764	7.8821959386e-06	2.17780207424e-08	7.78200902526e-06	4.48089574731e-08	2.01539475319	0.00773645447202
155503124877	516648317.717	2135.24	114.985640843	1.12599102679e-05	4.06104290967e-08	4.76589149598e-06	8.35106720991e-09	1.60412494412	0.00187389288136	7.89105420557e-06	1.84968747806e-08	7.81375897461e-06	4.95130903252e-08	2.01243402993	0.00850139932404
155744599219	496841352.439	2189.56	115.824149468	1.12597283838e-05	3.79360837944e-08	4.76781329682e-06	6.4244883109e-09	1.60379019968	0.00144070677682	7.90694428347e-06	1.13285585139e-08	7.78860390388e-06	4.38661128755e-08	2.01349981227	0.00756014052753
155982534269	545536112.242	2153.67	115.268074071	1.12659917961e-05	4.48729020293e-08	4.76400920013e-06	9.83978293706e-09	1.60319417221	0.00220753599161	7.90644260238e-06	8.9228729447e-09	7.7876678501e-06	5.12288537281e-08	2.01285909283	0.00882732939878
